[LEFT_CAM_2K]
fx=1066.4
fy=1066.83
cx=1138.62
cy=620.113
k1=-0.0586045
k2=0.0324631
p1=0.000175203
p2=-0.000176896
k3=-0.0127281

[RIGHT_CAM_2K]
fx=1066.47
fy=1066.59
cx=1115.37
cy=627.172
k1=-0.058936
k2=0.0329459
p1=0.000276479
p2=0.00032624
k3=-0.0126943

[LEFT_CAM_FHD]
fx=1066.4
fy=1066.83
cx=994.62
cy=539.113
k1=-0.0586045
k2=0.0324631
p1=0.000175203
p2=-0.000176896
k3=-0.0127281

[RIGHT_CAM_FHD]
fx=1066.47
fy=1066.59
cx=971.37
cy=546.172
k1=-0.058936
k2=0.0329459
p1=0.000276479
p2=0.00032624
k3=-0.0126943

[LEFT_CAM_HD]
fx=533.2
fy=533.415
cx=655.81
cy=358.0565
k1=-0.0586045
k2=0.0324631
p1=0.000175203
p2=-0.000176896
k3=-0.0127281

[RIGHT_CAM_HD]
fx=533.235
fy=533.295
cx=644.185
cy=361.586
k1=-0.058936
k2=0.0329459
p1=0.000276479
p2=0.00032624
k3=-0.0126943

[LEFT_CAM_VGA]
fx=266.6
fy=266.7075
cx=343.405
cy=186.52825
k1=-0.0586045
k2=0.0324631
p1=0.000175203
p2=-0.000176896
k3=-0.0127281

[RIGHT_CAM_VGA]
fx=266.6175
fy=266.6475
cx=337.5925
cy=188.293
k1=-0.058936
k2=0.0329459
p1=0.000276479
p2=0.00032624
k3=-0.0126943

[LEFT_DISTO]
k1=-0.770307
k2=1.37122
k3=0.17908
k4=-0.675252
k5=1.2372
k6=0.299664
p1=0.000152891
p2=0.000131787

[RIGHT_DISTO]
k1=-0.970114
k2=2.13982
k3=0.133546
k4=-0.87355
k5=1.99692
k6=0.284823
p1=0.000257515
p2=0.000272927

[STEREO]
Baseline=119.836
TY=0.000233925
TZ=0.00793328
CV_2K=0.00286874
CV_FHD=0.00286874
CV_HD=0.00286874
CV_VGA=0.00286874
RX_2K=0.000616775
RX_FHD=0.000616775
RX_HD=0.000616775
RX_VGA=0.000616775
RZ_2K=-0.000543995
RZ_FHD=-0.000543995
RZ_HD=-0.000543995
RZ_VGA=-0.000543995

[MISC]
Sensor_ID=0


